     0    -0.000    -0.005     0.004    -0.012     0.005    -0.000     0.011    -0.129    -0.004    -0.011    -0.000    -0.012
     1    -0.000    -0.005     0.005    -0.015     0.005    -0.000     0.011    -0.132    -0.005    -0.011    -0.000    -0.011
     2    -0.000    -0.005     0.005    -0.015     0.005    -0.000     0.011    -0.132    -0.005    -0.011    -0.000    -0.011
     3    -0.000    -0.005     0.005    -0.015     0.005    -0.000     0.011    -0.131    -0.005    -0.011    -0.000    -0.011
     4    -0.000    -0.005     0.005    -0.016     0.005    -0.000     0.011    -0.131    -0.005    -0.011    -0.000    -0.011
     5    -0.000    -0.005     0.005    -0.015     0.005    -0.000     0.011    -0.132    -0.005    -0.011    -0.000    -0.011
     6    -0.000    -0.005     0.005    -0.016     0.005    -0.000     0.012    -0.132    -0.005    -0.012    -0.000    -0.011
     7    -0.000    -0.005     0.005    -0.017     0.005    -0.000     0.012    -0.132    -0.005    -0.012    -0.000    -0.011
     8    -0.000    -0.005     0.005    -0.017     0.005    -0.000     0.012    -0.132    -0.005    -0.011    -0.000    -0.011
     9    -0.000    -0.005     0.005    -0.023     0.005    -0.000     0.012    -0.130    -0.005    -0.012    -0.000    -0.009
    10    -0.000    -0.005     0.005    -0.030     0.005    -0.000     0.011    -0.123    -0.005    -0.011    -0.000    -0.008
    11    -0.000    -0.007     0.006    -0.035     0.007    -0.000     0.010    -0.092    -0.006    -0.010    -0.000    -0.012
    12    -0.000    -0.007     0.005    -0.009     0.007    -0.000     0.007    -0.062    -0.005    -0.007    -0.000    -0.014
    13     0.000    -0.010     0.004     0.009     0.010     0.000     0.008    -0.062    -0.004    -0.008    -0.000    -0.014
    14     0.000    -0.013     0.003    -0.001     0.013     0.000     0.006    -0.083    -0.003    -0.006    -0.000    -0.011
    15     0.000    -0.016     0.003    -0.024     0.016     0.000     0.006    -0.089    -0.003    -0.006    -0.000    -0.012
    16     0.001    -0.015     0.003    -0.029     0.015     0.001     0.005    -0.088    -0.003    -0.005    -0.000    -0.011
    17     0.001    -0.014     0.003    -0.011     0.014     0.001     0.005    -0.089    -0.003    -0.005    -0.000    -0.014
    18     0.001    -0.014     0.002     0.001     0.014     0.001     0.005    -0.085    -0.002    -0.005    -0.000    -0.012
    19     0.001    -0.013     0.003     0.004     0.013     0.001     0.005    -0.076    -0.002    -0.005    -0.000    -0.011
    20     0.001    -0.013     0.002    -0.001     0.013     0.001     0.004    -0.071    -0.002    -0.004    -0.000    -0.012
    21     0.001    -0.014     0.001     0.004     0.014     0.001     0.004    -0.072    -0.001    -0.004    -0.000    -0.008
    22     0.001    -0.015     0.001     0.007     0.015     0.001     0.004    -0.078    -0.001    -0.004    -0.000    -0.011
    23     0.002    -0.015    -0.001    -0.003     0.015     0.002     0.004    -0.086     0.001    -0.004    -0.000    -0.010
    24     0.002    -0.016    -0.000    -0.003     0.016     0.002     0.005    -0.067     0.000    -0.005    -0.000    -0.009
    25     0.002    -0.016     0.001     0.001     0.016     0.002     0.004    -0.054    -0.000    -0.004    -0.000    -0.006
    26     0.002    -0.011    -0.002     0.001     0.011     0.002     0.004    -0.074     0.002    -0.004    -0.000    -0.010
    27     0.001    -0.008    -0.001    -0.011     0.008     0.001     0.005    -0.089     0.002    -0.005    -0.000    -0.011
    28     0.001    -0.005    -0.000    -0.004     0.005     0.001     0.003    -0.065     0.001    -0.003    -0.000    -0.009
    29     0.000    -0.002    -0.001     0.018     0.002     0.000     0.003    -0.024     0.001    -0.003    -0.000    -0.006
    30     0.000    -0.003     0.002     0.002     0.003     0.000     0.001    -0.022    -0.001    -0.001    -0.000    -0.016
    31     0.001    -0.004     0.003    -0.020     0.004     0.001     0.001    -0.052    -0.003    -0.002    -0.000    -0.014
    32     0.001    -0.004     0.003    -0.039     0.004     0.001     0.002    -0.071    -0.002    -0.002    -0.000    -0.014
    33     0.001    -0.004     0.004    -0.033     0.004     0.001     0.002    -0.069    -0.004    -0.002    -0.000    -0.015
    34     0.001    -0.003     0.004    -0.024     0.003     0.000     0.004    -0.060    -0.003    -0.004    -0.000    -0.014
    35     0.000    -0.003     0.005    -0.025     0.003     0.000     0.003    -0.053    -0.004    -0.004    -0.000    -0.003
    36     0.000    -0.003     0.004    -0.013     0.003     0.000     0.003    -0.072    -0.003    -0.004    -0.000    -0.005
    37     0.001    -0.004     0.002    -0.016     0.004     0.001     0.006    -0.081    -0.001    -0.006    -0.000    -0.004
    38     0.001    -0.003     0.002    -0.023     0.003     0.001     0.007    -0.083    -0.001    -0.007    -0.000    -0.007
    39     0.001    -0.003     0.002    -0.021     0.003     0.000     0.006    -0.085    -0.001    -0.007    -0.000    -0.004
    40     0.001    -0.004     0.000    -0.015     0.004     0.001     0.007    -0.081     0.001    -0.007    -0.000    -0.003
    41     0.000    -0.002     0.000    -0.004     0.002     0.000     0.007    -0.084     0.001    -0.007    -0.000    -0.002
    42     0.001    -0.004    -0.000    -0.005     0.004     0.001     0.009    -0.085     0.002    -0.008    -0.000    -0.010
    43     0.001    -0.004     0.000    -0.007     0.004     0.001     0.008    -0.074     0.001    -0.008    -0.000    -0.006
    44     0.001    -0.006    -0.000    -0.006     0.006     0.001     0.008    -0.059     0.002    -0.008    -0.000    -0.006
    45     0.001    -0.004     0.001    -0.010     0.004     0.001     0.008    -0.068     0.001    -0.008    -0.000    -0.004
    46     0.001    -0.005    -0.000    -0.015     0.005     0.001     0.009    -0.076     0.002    -0.009    -0.000    -0.004
    47     0.000    -0.003    -0.001    -0.004     0.003     0.000     0.009    -0.069     0.002    -0.009    -0.000    -0.003
    48     0.000    -0.002     0.000    -0.001     0.002     0.000     0.010    -0.040     0.001    -0.010    -0.000    -0.003
    49     0.000    -0.002     0.002    -0.005     0.002     0.000     0.008    -0.027    -0.000    -0.008    -0.000    -0.001
    50     0.000    -0.002     0.002    -0.016     0.002     0.000     0.006    -0.030    -0.001    -0.006    -0.000    -0.002
    51     0.000    -0.003     0.002    -0.015     0.002     0.000     0.003    -0.028    -0.001    -0.004    -0.000    -0.001
    52     0.000    -0.001     0.001     0.000     0.001     0.000     0.003    -0.020    -0.001    -0.003    -0.000    -0.000
    53     0.000    -0.001     0.001     0.002     0.001     0.000     0.003    -0.008    -0.001    -0.003    -0.000     0.002
    54     0.000    -0.001     0.002    -0.010     0.001     0.000     0.002    -0.008    -0.001    -0.002    -0.000    -0.001
    55     0.000    -0.001     0.003    -0.018     0.001     0.000     0.001    -0.006    -0.003    -0.002    -0.000    -0.002
    56     0.000    -0.002     0.003    -0.015     0.002     0.000     0.001    -0.001    -0.003    -0.002    -0.000    -0.003
    57     0.000    -0.001     0.003    -0.007     0.001     0.000     0.000     0.011    -0.003    -0.001    -0.000    -0.002
    58     0.000    -0.001     0.004    -0.007     0.001     0.000    -0.001     0.012    -0.004     0.001    -0.000    -0.001
    59     0.000    -0.001     0.002    -0.001     0.001     0.000    -0.001     0.013    -0.003     0.001     0.000     0.001
    60     0.000    -0.001     0.000     0.003     0.001     0.000    -0.000     0.012    -0.000     0.000     0.000    -0.001
    61     0.000    -0.001    -0.001     0.003     0.001     0.000    -0.000     0.008     0.001     0.000     0.000     0.000
    62     0.000    -0.002    -0.001    -0.003     0.002     0.000    -0.000     0.007     0.001     0.000     0.000     0.002
    63     0.000    -0.001    -0.002    -0.004     0.001     0.000     0.000     0.003     0.002    -0.000    -0.000     0.001
    64     0.000    -0.002    -0.001    -0.006     0.002     0.000     0.001     0.005     0.001    -0.000    -0.000    -0.001
    65     0.000    -0.001     0.001    -0.007     0.001     0.000     0.001     0.006    -0.001    -0.001    -0.000    -0.001
    66     0.000    -0.001     0.001    -0.011     0.001     0.000     0.000     0.001    -0.001    -0.001    -0.000    -0.002
    67     0.000    -0.001     0.002    -0.009     0.001     0.000    -0.000    -0.001    -0.002     0.000    -0.000    -0.000
    68     0.000    -0.002     0.002    -0.005     0.001     0.000    -0.001    -0.003    -0.002     0.001     0.000    -0.001
    69     0.000    -0.001     0.002    -0.010     0.001     0.000    -0.000    -0.004    -0.002    -0.000    -0.000     0.001
    70     0.000    -0.001     0.004    -0.011     0.001     0.000    -0.000    -0.006    -0.004    -0.000    -0.000    -0.002
    71     0.000    -0.001     0.003    -0.009     0.001     0.000     0.000    -0.006    -0.003    -0.001    -0.000    -0.000
    72     0.000    -0.001     0.001     0.003     0.001     0.000    -0.000     0.000    -0.001     0.000     0.000     0.003
    73     0.000    -0.001    -0.001     0.010     0.001     0.000     0.000    -0.006     0.001    -0.000    -0.000     0.001
    74     0.000    -0.000    -0.001     0.003     0.000     0.000     0.001    -0.017     0.001    -0.001    -0.000     0.003
    75    -0.000     0.001    -0.001    -0.010    -0.000    -0.000     0.002    -0.020     0.001    -0.001    -0.000     0.001
    76    -0.000     0.001    -0.000    -0.006    -0.001    -0.000     0.001    -0.013     0.000    -0.001    -0.000     0.001
    77    -0.000     0.002    -0.000     0.000    -0.002    -0.000     0.001    -0.012     0.001    -0.001    -0.000     0.001
    78    -0.000     0.002     0.000     0.002    -0.002    -0.000     0.002    -0.016     0.000    -0.002    -0.000     0.002
    79    -0.000     0.002    -0.000     0.003    -0.002    -0.000     0.003    -0.019     0.001    -0.003    -0.000     0.005
    80    -0.000     0.002    -0.000    -0.001    -0.002    -0.000     0.004    -0.016     0.001    -0.004    -0.000     0.006
    81    -0.000     0.002     0.001    -0.008    -0.002    -0.000     0.004    -0.019    -0.000    -0.004    -0.000     0.006
    82    -0.000     0.001     0.000    -0.017    -0.001    -0.000     0.004    -0.016     0.000    -0.004    -0.000     0.005
    83    -0.000     0.002     0.002    -0.023    -0.002    -0.000     0.001    -0.009    -0.001    -0.001    -0.000    -0.001
    84    -0.000     0.003     0.002    -0.020    -0.003    -0.000    -0.000     0.002    -0.002     0.000    -0.000    -0.007
    85    -0.000     0.004     0.001     0.006    -0.004    -0.000    -0.001     0.016    -0.001     0.001     0.000    -0.007
    86    -0.000     0.004    -0.003     0.012    -0.004    -0.000    -0.001     0.020     0.003     0.001     0.000    -0.007
    87    -0.000     0.005    -0.003     0.001    -0.005    -0.000    -0.002     0.006     0.003     0.002     0.000    -0.004
    88    -0.000     0.004    -0.003    -0.018    -0.004    -0.000    -0.003    -0.003     0.002     0.003     0.000    -0.008
    89    -0.001     0.006    -0.002    -0.020    -0.006    -0.000    -0.005     0.002     0.002     0.005     0.000    -0.015
    90    -0.001     0.008    -0.002    -0.002    -0.008    -0.000    -0.011     0.038     0.001     0.011     0.000    -0.022
    91    -0.001     0.010    -0.003     0.008    -0.010    -0.001    -0.015     0.059     0.002     0.015     0.000    -0.023
    92    -0.000     0.009    -0.005     0.013    -0.009    -0.000    -0.016     0.061     0.004     0.017     0.000    -0.017
    93    -0.000     0.008    -0.007     0.023    -0.008    -0.000    -0.016     0.039     0.006     0.016     0.000    -0.016
    94    -0.000     0.005    -0.008     0.037    -0.005    -0.000    -0.014     0.043     0.008     0.014     0.000    -0.015
    95    -0.000     0.003    -0.010     0.035    -0.003     0.000    -0.013     0.053     0.010     0.013     0.000    -0.017
    96    -0.000     0.001    -0.008     0.019    -0.001     0.000    -0.013     0.053     0.008     0.013     0.000    -0.024
    97    -0.000    -0.001    -0.008    -0.005     0.001     0.000    -0.011     0.040     0.008     0.012     0.000    -0.023
    98     0.000    -0.002    -0.006    -0.010     0.002     0.000    -0.013     0.027     0.006     0.013     0.000    -0.023
    99     0.000    -0.001    -0.006     0.001     0.002     0.000    -0.012     0.031     0.006     0.012     0.000    -0.023
   100    -0.000     0.002     0.001    -0.005    -0.002    -0.000     0.004    -0.019    -0.001    -0.004    -0.000    -0.017
   101    -0.000     0.002    -0.002     0.036    -0.002    -0.000     0.005    -0.032     0.002    -0.005    -0.000    -0.016
   102    -0.000     0.001    -0.002     0.021    -0.001    -0.000     0.005    -0.042     0.002    -0.005    -0.000    -0.018
   103    -0.000     0.000    -0.000     0.004    -0.000    -0.000     0.008    -0.060     0.000    -0.008    -0.000    -0.008
   104    -0.000     0.000     0.000    -0.004    -0.000    -0.000     0.013    -0.072    -0.000    -0.013    -0.000    -0.006
   105    -0.000     0.000     0.003     0.005    -0.001    -0.000     0.013    -0.072    -0.003    -0.013    -0.000    -0.006
   106    -0.000     0.001     0.000     0.039    -0.001    -0.000     0.018    -0.073    -0.000    -0.018    -0.000     0.002
   107     0.000     0.000    -0.002     0.038    -0.000    -0.000     0.019    -0.069     0.002    -0.019    -0.000    -0.010
   108    -0.000     0.001     0.002     0.030    -0.001    -0.000     0.010    -0.044    -0.002    -0.010    -0.000    -0.019
   109    -0.000    -0.000     0.002     0.023     0.000    -0.000     0.008    -0.036    -0.002    -0.008    -0.000    -0.026
   110    -0.000    -0.000     0.000     0.014     0.000    -0.000     0.009    -0.064    -0.000    -0.009    -0.000    -0.022
   111     0.000    -0.001    -0.002     0.023     0.001    -0.000     0.011    -0.082     0.002    -0.011    -0.000    -0.015
   112     0.000    -0.001    -0.001     0.032     0.001    -0.000     0.012    -0.082     0.001    -0.012    -0.000    -0.014
   113     0.000     0.000    -0.003     0.038    -0.000    -0.000     0.012    -0.062     0.003    -0.012    -0.000    -0.014
   114     0.000     0.001    -0.003     0.025    -0.001    -0.000     0.012    -0.055     0.003    -0.012    -0.000    -0.017
   115     0.000     0.001    -0.003     0.021    -0.001    -0.000     0.013    -0.063     0.003    -0.013    -0.000    -0.013
   116    -0.000    -0.000    -0.000    -0.002     0.000    -0.000     0.014    -0.061     0.000    -0.014    -0.000    -0.008
   117    -0.000     0.001     0.004    -0.006    -0.001    -0.000     0.016    -0.061    -0.004    -0.016    -0.000    -0.003
   118    -0.000    -0.001     0.008    -0.000     0.001    -0.000     0.017    -0.047    -0.008    -0.017    -0.000    -0.000
   119    -0.000     0.001     0.010     0.003    -0.001    -0.000     0.018    -0.060    -0.010    -0.018    -0.001    -0.002
   120    -0.000     0.001     0.010    -0.014    -0.001    -0.000     0.018    -0.083    -0.010    -0.018    -0.001     0.014
   121    -0.000    -0.001     0.007     0.011     0.001    -0.000     0.018    -0.074    -0.007    -0.018    -0.000     0.009
   122    -0.000    -0.001     0.004     0.024     0.001    -0.000     0.017    -0.063    -0.004    -0.017    -0.000    -0.003
   123    -0.000     0.000     0.002     0.006    -0.000    -0.000     0.013    -0.042    -0.002    -0.013    -0.000    -0.007
   124    -0.000     0.001     0.002    -0.018    -0.001    -0.000     0.011    -0.061    -0.002    -0.011    -0.000     0.003
   125    -0.000     0.001     0.002    -0.021    -0.001    -0.000     0.008    -0.056    -0.002    -0.008    -0.000     0.001
   126     0.000     0.001     0.002     0.017    -0.001    -0.000     0.005    -0.023    -0.002    -0.005    -0.000    -0.003
   127     0.000     0.001    -0.000     0.021    -0.001    -0.000     0.004     0.002     0.000    -0.004    -0.000    -0.004
   128     0.000     0.001     0.001    -0.013    -0.001    -0.000     0.002    -0.017    -0.001    -0.002    -0.000    -0.004
   129     0.000     0.000    -0.000    -0.028    -0.000    -0.000     0.004    -0.041     0.000    -0.004    -0.000    -0.003
   130    -0.000    -0.001     0.000    -0.015     0.001    -0.000     0.003    -0.041    -0.000    -0.003    -0.000    -0.001
   131     0.000     0.001    -0.003     0.018    -0.001    -0.000     0.005    -0.033     0.003    -0.005    -0.000    -0.002
   132     0.000     0.001    -0.006     0.029    -0.001    -0.000     0.007    -0.022     0.006    -0.007    -0.000     0.000
   133     0.000     0.001    -0.004     0.002    -0.000    -0.000     0.004    -0.012     0.004    -0.004    -0.000    -0.001
   134     0.000     0.001    -0.001    -0.018    -0.001    -0.000     0.002    -0.015     0.001    -0.002    -0.000    -0.002
   135    -0.000    -0.000    -0.002    -0.010     0.000    -0.000     0.002    -0.017     0.002    -0.002    -0.000     0.007
   136     0.000     0.001    -0.001    -0.004    -0.001    -0.000     0.002    -0.014     0.001    -0.002    -0.000     0.000
   137     0.000     0.000    -0.000    -0.009    -0.000    -0.000     0.003    -0.015     0.000    -0.003    -0.000    -0.006
   138     0.000     0.000     0.000    -0.015    -0.000    -0.000     0.002    -0.031    -0.000    -0.002    -0.000     0.004
   139    -0.000    -0.001     0.001    -0.017     0.001    -0.000     0.004    -0.031    -0.001    -0.004    -0.000     0.003
   140    -0.000     0.000     0.003    -0.012    -0.000    -0.000     0.007    -0.048    -0.003    -0.007    -0.000    -0.000
   141    -0.000     0.000     0.005    -0.004    -0.001    -0.000     0.008    -0.058    -0.005    -0.008    -0.000    -0.001
   142    -0.000     0.001     0.005     0.005    -0.001    -0.000     0.007    -0.043    -0.005    -0.007    -0.000     0.008
   143     0.000     0.001     0.004     0.010    -0.001    -0.000     0.005    -0.018    -0.004    -0.005    -0.000    -0.003
   144     0.000     0.000     0.001     0.006    -0.000    -0.000     0.005    -0.014    -0.002    -0.005    -0.000     0.000
   145     0.000     0.001     0.001     0.002    -0.001    -0.000     0.005    -0.027    -0.001    -0.005    -0.000     0.002
   146    -0.000    -0.000    -0.001     0.011     0.000    -0.000     0.005    -0.037     0.000    -0.005    -0.000     0.001
   147    -0.000    -0.001    -0.003     0.021     0.001    -0.000     0.003    -0.025     0.003    -0.003    -0.000     0.002
   148    -0.000    -0.001    -0.002     0.007     0.001    -0.000     0.001    -0.017     0.002    -0.001    -0.000    -0.003
   149     0.000    -0.000    -0.002    -0.006     0.000    -0.000     0.001    -0.010     0.002    -0.001    -0.000    -0.001
   150     0.000     0.001    -0.001     0.000    -0.001    -0.000     0.002    -0.020     0.001    -0.002    -0.000    -0.004
   151     0.000    -0.000    -0.002     0.001     0.000    -0.000     0.001    -0.020     0.002    -0.001    -0.000    -0.003
   152     0.000     0.000    -0.001     0.009    -0.000    -0.000     0.001    -0.021     0.001    -0.001    -0.000    -0.002
   153     0.000     0.001    -0.003     0.012    -0.001    -0.000     0.002    -0.014     0.003    -0.002    -0.000    -0.003
   154     0.000     0.001    -0.004     0.015    -0.001    -0.000     0.003    -0.014     0.004    -0.003    -0.000    -0.004
   155    -0.000    -0.000    -0.004     0.024     0.000    -0.000     0.002    -0.010     0.004    -0.002    -0.000    -0.002
   156    -0.000     0.000    -0.007     0.019    -0.000     0.000    -0.001    -0.001     0.007     0.001     0.000    -0.003
   157     0.000     0.002    -0.004     0.011    -0.002     0.000    -0.002    -0.006     0.004     0.002     0.000    -0.002
   158     0.000     0.002    -0.006     0.010    -0.002     0.000    -0.002    -0.008     0.006     0.001     0.000    -0.004
   159     0.000     0.002    -0.005     0.019    -0.002     0.000    -0.002     0.006     0.005     0.002     0.000    -0.003
   160     0.000     0.003    -0.005     0.025    -0.003     0.000    -0.003     0.008     0.005     0.003     0.000    -0.001
   161     0.000     0.004    -0.004     0.019    -0.004     0.000    -0.001    -0.006     0.004     0.001     0.000    -0.001
   162     0.000     0.006    -0.006     0.017    -0.006     0.000     0.002    -0.028     0.006    -0.002    -0.000    -0.000
   163     0.000     0.006    -0.008     0.030    -0.006     0.000     0.002    -0.020     0.008    -0.002    -0.000    -0.005
   164     0.000     0.009    -0.008     0.034    -0.008     0.000     0.000     0.003     0.008    -0.001    -0.000    -0.005
   165     0.001     0.010    -0.006     0.027    -0.009     0.001     0.000     0.008     0.007    -0.001    -0.000    -0.005
   166     0.001     0.009    -0.005     0.029    -0.009     0.001     0.000    -0.004     0.005    -0.000    -0.000    -0.006
   167     0.000     0.004    -0.007     0.050    -0.004     0.000     0.002     0.007     0.006    -0.003    -0.000    -0.000
   168     0.000     0.003    -0.009     0.052    -0.003     0.000     0.004     0.012     0.008    -0.005    -0.000     0.002
   169     0.000     0.002    -0.007     0.022    -0.001     0.000     0.004    -0.002     0.007    -0.005    -0.000     0.004
   170     0.000     0.000    -0.006    -0.010    -0.000    -0.000     0.005    -0.026     0.005    -0.005    -0.000     0.003
   171    -0.000    -0.000    -0.005    -0.013     0.001    -0.000     0.005    -0.028     0.004    -0.006    -0.000     0.003
   172     0.000     0.001    -0.002    -0.001    -0.001    -0.000     0.003    -0.008     0.002    -0.004    -0.000     0.001
   173     0.000     0.002    -0.001    -0.001    -0.002     0.000     0.003     0.006     0.001    -0.003    -0.000     0.001
   174     0.000     0.002    -0.000    -0.004    -0.002     0.000     0.003     0.004     0.000    -0.003    -0.000     0.001
   175     0.000     0.001    -0.000    -0.010    -0.001     0.000     0.002    -0.005     0.000    -0.002    -0.000     0.002
   176    -0.000    -0.001     0.001    -0.005     0.001    -0.000     0.002     0.003    -0.001    -0.002    -0.000    -0.000
   177    -0.000    -0.000     0.000    -0.000     0.000    -0.000    -0.000     0.003    -0.000     0.000     0.000    -0.004
   178    -0.000    -0.001    -0.000    -0.001     0.001    -0.000    -0.000     0.007     0.000     0.000     0.000    -0.004
   179    -0.000    -0.001     0.001    -0.018     0.001    -0.000     0.000    -0.004    -0.001    -0.000    -0.000    -0.002
   180    -0.000    -0.002     0.003    -0.018     0.002    -0.000     0.001    -0.002    -0.003    -0.001    -0.000     0.001
   181    -0.000    -0.002     0.004    -0.014     0.002    -0.000    -0.001     0.010    -0.004     0.001     0.000    -0.001
   182    -0.000    -0.001     0.007    -0.019     0.001    -0.000    -0.004     0.030    -0.007     0.005     0.000    -0.011
   183    -0.000    -0.002     0.006    -0.021     0.002    -0.000    -0.006     0.026    -0.005     0.006     0.000    -0.012
   184    -0.000    -0.004     0.005    -0.033     0.003    -0.000    -0.006     0.020    -0.005     0.006     0.000    -0.009
   185    -0.000    -0.003     0.008    -0.039     0.003    -0.000    -0.008     0.013    -0.007     0.009     0.000    -0.010
   186    -0.000    -0.003     0.008    -0.038     0.003    -0.000    -0.007     0.013    -0.007     0.008     0.000    -0.012
   187    -0.000    -0.003     0.009    -0.033     0.002     0.000    -0.008     0.017    -0.009     0.008     0.000    -0.009
   188    -0.000    -0.003     0.008    -0.024     0.003    -0.000    -0.007     0.020    -0.008     0.007     0.000    -0.009
   189    -0.000    -0.003     0.008    -0.019     0.003    -0.000    -0.006     0.020    -0.007     0.006     0.000    -0.009
   190    -0.000    -0.003     0.006    -0.017     0.002    -0.000    -0.005     0.014    -0.006     0.005     0.000    -0.009
   191    -0.000    -0.003     0.004    -0.016     0.003    -0.000    -0.003     0.006    -0.004     0.003     0.000    -0.008
   192    -0.000    -0.004     0.005    -0.028     0.003    -0.000    -0.002    -0.001    -0.005     0.002     0.000    -0.009
   193    -0.000    -0.003     0.006    -0.032     0.003    -0.000    -0.002    -0.005    -0.006     0.003     0.000    -0.004
   194    -0.000    -0.004     0.009    -0.022     0.004    -0.000    -0.001    -0.006    -0.009     0.001    -0.000    -0.005
   195    -0.000    -0.004     0.006     0.005     0.004    -0.000     0.001     0.002    -0.006    -0.000    -0.000    -0.006
   196    -0.000    -0.003     0.004     0.006     0.003    -0.000     0.000     0.007    -0.004    -0.000    -0.000    -0.006
   197    -0.000    -0.003     0.002    -0.009     0.003    -0.000    -0.001     0.016    -0.002     0.001     0.000    -0.005
   198    -0.000    -0.004     0.003    -0.005     0.004    -0.000    -0.002     0.016    -0.003     0.002     0.000    -0.009
   199    -0.000    -0.003     0.001    -0.009     0.003     0.000    -0.003     0.019    -0.001     0.004     0.000    -0.007
