     0    -0.000     0.001     0.000     0.017    -0.001    -0.000    -0.001     0.012    -0.000     0.001    -0.000     0.001
     1    -0.000     0.001    -0.000     0.014    -0.001    -0.000    -0.001     0.011     0.000     0.001    -0.000    -0.002
     2    -0.000     0.000    -0.000     0.014    -0.000    -0.000    -0.002     0.010     0.000     0.002    -0.000     0.001
     3    -0.000     0.000    -0.001     0.015    -0.000    -0.000    -0.002     0.012     0.001     0.002    -0.000     0.002
     4    -0.000     0.000    -0.000     0.015    -0.000    -0.000    -0.002     0.012     0.000     0.002    -0.000     0.002
     5    -0.000     0.000    -0.000     0.013    -0.000    -0.000    -0.002     0.011     0.000     0.002    -0.000     0.001
     6    -0.000     0.001     0.000     0.014    -0.001    -0.000    -0.001     0.009    -0.000     0.001    -0.000     0.002
     7    -0.000     0.001     0.000     0.013    -0.001    -0.000    -0.001     0.008    -0.000     0.001    -0.000     0.002
     8    -0.000     0.001    -0.000     0.013    -0.001    -0.000    -0.001     0.008     0.000     0.001    -0.000     0.002
     9    -0.000     0.000    -0.000     0.012    -0.000    -0.000    -0.001     0.008     0.000     0.001    -0.000     0.002
    10    -0.000     0.000    -0.000     0.010    -0.000    -0.000    -0.001     0.008     0.000     0.001    -0.000     0.002
    11    -0.000     0.000    -0.000     0.009    -0.000    -0.000    -0.001     0.008     0.000     0.001    -0.000     0.002
    12    -0.000     0.000    -0.000     0.009    -0.000    -0.000    -0.001     0.008     0.000     0.001    -0.000     0.001
    13    -0.000     0.000    -0.000     0.010    -0.000    -0.000    -0.002     0.007     0.000     0.002    -0.000     0.002
    14    -0.000     0.000    -0.000     0.010    -0.000    -0.000    -0.001     0.009     0.000     0.001    -0.000     0.002
    15    -0.000     0.000    -0.000     0.011    -0.000    -0.000    -0.002     0.009     0.000     0.002    -0.000     0.003
    16    -0.000     0.000    -0.000     0.011    -0.000    -0.000    -0.001     0.008     0.000     0.001    -0.000     0.002
    17    -0.000     0.000    -0.000     0.011    -0.000    -0.000    -0.001     0.010     0.000     0.001    -0.000     0.001
    18    -0.000     0.000    -0.000     0.012    -0.000    -0.000    -0.001     0.007     0.000     0.001    -0.000     0.001
    19    -0.000     0.000    -0.000     0.012    -0.000    -0.000    -0.001     0.009     0.000     0.001    -0.000     0.001
    20    -0.000     0.000    -0.000     0.012    -0.000    -0.000    -0.001     0.009     0.000     0.001    -0.000     0.001
    21    -0.000     0.000    -0.000     0.011    -0.000    -0.000    -0.001     0.010     0.000     0.001    -0.000     0.002
    22    -0.000     0.000    -0.000     0.011    -0.000    -0.000    -0.001     0.009     0.000     0.001    -0.000     0.002
    23    -0.000     0.000    -0.000     0.010    -0.000    -0.000    -0.001     0.008     0.000     0.001    -0.000     0.001
    24    -0.000     0.000    -0.000     0.010    -0.000    -0.000    -0.002     0.009     0.000     0.002    -0.000     0.002
    25    -0.000     0.000    -0.000     0.009    -0.000    -0.000    -0.002     0.008     0.000     0.002    -0.000     0.002
    26    -0.000     0.000    -0.000     0.010    -0.000    -0.000    -0.002     0.008     0.000     0.002    -0.000     0.001
    27    -0.000     0.000    -0.000     0.011    -0.000    -0.000    -0.001     0.008     0.000     0.001    -0.000     0.002
    28    -0.000     0.000    -0.000     0.008    -0.000    -0.000    -0.001     0.008     0.000     0.001    -0.000     0.004
    29    -0.000     0.000    -0.000     0.009    -0.000    -0.000    -0.001     0.007     0.000     0.001    -0.000     0.000
    30    -0.000     0.000     0.000     0.011    -0.000    -0.000    -0.001     0.006    -0.000     0.001    -0.000     0.001
    31    -0.000     0.000    -0.000     0.011    -0.000    -0.000    -0.001     0.007     0.000     0.001    -0.000     0.001
    32    -0.000     0.000    -0.000     0.010    -0.000    -0.000    -0.001     0.007     0.000     0.001    -0.000     0.000
    33    -0.000     0.000    -0.000     0.011    -0.000    -0.000    -0.001     0.007     0.000     0.001    -0.000     0.001
    34    -0.000     0.000    -0.000     0.012    -0.000    -0.000    -0.001     0.008     0.000     0.001    -0.000     0.001
    35    -0.000     0.000    -0.000     0.011    -0.000    -0.000    -0.001     0.007     0.000     0.001    -0.000     0.000
    36    -0.000     0.000     0.000     0.010    -0.000    -0.000    -0.001     0.006    -0.000     0.001    -0.000     0.001
    37    -0.000     0.000    -0.000     0.010    -0.000    -0.000    -0.001     0.006     0.000     0.001    -0.000     0.001
    38    -0.000     0.000     0.000     0.008    -0.000    -0.000    -0.001     0.004    -0.000     0.001    -0.000     0.002
    39    -0.000     0.000     0.000     0.006    -0.000    -0.000    -0.001     0.006    -0.000     0.001    -0.000    -0.001
    40    -0.000     0.000    -0.000     0.008    -0.000    -0.000    -0.002     0.015     0.000     0.002    -0.000     0.002
    41    -0.000     0.000    -0.000     0.011    -0.000    -0.000    -0.002     0.014     0.000     0.002    -0.000     0.002
    42    -0.000     0.000    -0.000     0.009    -0.000    -0.000    -0.002     0.009     0.000     0.002    -0.000    -0.000
    43    -0.000    -0.000    -0.000     0.004     0.000    -0.000    -0.002     0.012     0.000     0.002    -0.000     0.003
    44    -0.000    -0.000    -0.000     0.004     0.000    -0.000    -0.002     0.013     0.000     0.002    -0.000     0.002
    45    -0.000    -0.000    -0.000     0.005     0.000    -0.000    -0.002     0.015     0.000     0.002    -0.000     0.004
    46    -0.000    -0.000    -0.001     0.005     0.000    -0.000    -0.002     0.017     0.001     0.002    -0.000     0.004
    47    -0.000    -0.000    -0.000     0.007     0.000    -0.000    -0.002     0.016     0.000     0.002    -0.000     0.002
    48    -0.000    -0.000    -0.000     0.007     0.000    -0.000    -0.002     0.016     0.000     0.002    -0.000     0.002
    49    -0.000    -0.000    -0.000     0.007     0.000    -0.000    -0.002     0.017     0.000     0.002    -0.000     0.003
    50    -0.000    -0.000    -0.000     0.005     0.000    -0.000    -0.002     0.016     0.000     0.002    -0.000     0.002
    51    -0.000    -0.000    -0.001     0.007     0.000    -0.000    -0.002     0.015     0.001     0.002    -0.000     0.002
    52    -0.000    -0.000    -0.000     0.007     0.000    -0.000    -0.002     0.015     0.000     0.002    -0.000     0.001
    53    -0.000    -0.000    -0.000     0.008     0.000    -0.000    -0.002     0.016     0.000     0.002    -0.000     0.002
    54    -0.000    -0.000    -0.000     0.008     0.000    -0.000    -0.002     0.015     0.000     0.002    -0.000     0.002
    55    -0.000     0.000    -0.000     0.008    -0.000    -0.000    -0.002     0.016     0.000     0.002    -0.000     0.001
    56    -0.000    -0.000    -0.000     0.007     0.000    -0.000    -0.002     0.015     0.000     0.002    -0.000     0.003
    57    -0.000     0.000    -0.001     0.010    -0.000    -0.000    -0.002     0.016     0.001     0.002    -0.000     0.003
    58    -0.000     0.000    -0.001     0.009    -0.000    -0.000    -0.002     0.014     0.001     0.002    -0.000     0.002
    59    -0.000    -0.000    -0.000     0.002     0.000    -0.000    -0.002     0.014     0.000     0.002    -0.000     0.002
    60    -0.000    -0.000    -0.000     0.001     0.000    -0.000    -0.002     0.013     0.000     0.002    -0.000     0.001
    61    -0.000    -0.000    -0.000    -0.000     0.000    -0.000    -0.002     0.013     0.000     0.002    -0.000     0.001
    62    -0.000    -0.000    -0.000    -0.001     0.000    -0.000    -0.002     0.014     0.000     0.002    -0.000     0.002
    63    -0.000    -0.000    -0.000     0.001     0.000    -0.000    -0.002     0.014     0.000     0.002    -0.000     0.003
    64    -0.000    -0.000    -0.000     0.004     0.000    -0.000    -0.002     0.019     0.000     0.002    -0.000     0.003
    65    -0.000    -0.000    -0.001     0.013     0.000    -0.000    -0.002     0.028     0.001     0.002    -0.000     0.001
    66    -0.000    -0.000    -0.000     0.003     0.000    -0.000    -0.003     0.022     0.000     0.003    -0.000     0.004
    67    -0.000    -0.000    -0.000     0.005     0.000    -0.000    -0.002     0.019     0.000     0.002    -0.000     0.002
    68    -0.000    -0.000    -0.000     0.004     0.000    -0.000    -0.002     0.018     0.000     0.002    -0.000     0.002
    69    -0.000    -0.000    -0.000     0.002     0.000    -0.000    -0.002     0.018     0.000     0.002    -0.000     0.002
    70    -0.000    -0.000    -0.000     0.002     0.000    -0.000    -0.002     0.020     0.000     0.002    -0.000     0.001
    71    -0.000    -0.000    -0.000     0.004     0.000    -0.000    -0.002     0.022     0.000     0.002    -0.000     0.003
    72    -0.000    -0.000    -0.000     0.004     0.000    -0.000    -0.002     0.018     0.000     0.002    -0.000     0.001
    73    -0.000    -0.000    -0.000     0.004     0.000    -0.000    -0.002     0.012     0.000     0.002    -0.000     0.003
    74    -0.000    -0.000    -0.000     0.001     0.000    -0.000    -0.002     0.004     0.000     0.002    -0.000     0.003
    75    -0.000     0.000    -0.000    -0.001    -0.000    -0.000    -0.002    -0.002     0.000     0.002    -0.000     0.004
    76     0.000     0.000    -0.000     0.006    -0.000     0.000     0.001    -0.015     0.000    -0.001    -0.000     0.000
    77     0.000     0.000    -0.000     0.008    -0.000    -0.000     0.002    -0.013     0.000    -0.002    -0.000    -0.004
    78     0.000     0.000    -0.000     0.003    -0.000    -0.000     0.003    -0.027     0.000    -0.003    -0.000    -0.002
    79    -0.000     0.000    -0.002     0.002    -0.000    -0.000     0.006    -0.052     0.002    -0.006    -0.000    -0.008
    80     0.000     0.000    -0.001    -0.004    -0.000    -0.000     0.006    -0.049     0.001    -0.006    -0.000    -0.001
    81    -0.000     0.000    -0.002    -0.023    -0.000    -0.000     0.011    -0.078     0.002    -0.011    -0.000     0.002
    82    -0.000    -0.001    -0.000    -0.022     0.001    -0.000     0.014    -0.084    -0.000    -0.014    -0.000     0.001
    83    -0.000    -0.000     0.003    -0.030     0.000    -0.000     0.015    -0.128    -0.003    -0.015    -0.000     0.001
    84    -0.000     0.001     0.004    -0.006    -0.001    -0.000     0.010    -0.019    -0.004    -0.010    -0.000    -0.003
    85    -0.000    -0.001     0.005    -0.010     0.001    -0.000     0.007    -0.023    -0.005    -0.007    -0.000    -0.002
    86    -0.000    -0.000     0.004    -0.006     0.000    -0.000     0.005    -0.004    -0.004    -0.005    -0.000     0.001
    87    -0.000     0.000     0.004    -0.002    -0.000    -0.000     0.004    -0.040    -0.004    -0.004    -0.000     0.001
    88     0.000     0.001     0.002     0.004    -0.001     0.000     0.001     0.007    -0.002    -0.001    -0.000    -0.004
    89    -0.000    -0.000     0.001     0.005     0.000    -0.000     0.002    -0.013    -0.001    -0.002    -0.000    -0.002
    90    -0.000    -0.000     0.000     0.004     0.000    -0.000     0.002     0.001    -0.000    -0.002    -0.000    -0.007
    91    -0.000    -0.001     0.001    -0.004     0.001    -0.000    -0.000    -0.010    -0.001     0.000     0.000    -0.004
    92     0.000     0.000    -0.000     0.008    -0.000     0.000    -0.002     0.017     0.000     0.002     0.000    -0.005
    93    -0.000    -0.000    -0.001     0.001     0.000     0.000    -0.003     0.017     0.001     0.003     0.000    -0.010
    94    -0.000    -0.000    -0.004     0.014     0.000    -0.000    -0.006     0.008     0.004     0.006    -0.000    -0.006
    95    -0.000     0.000    -0.006     0.024    -0.000    -0.000    -0.007    -0.040     0.006     0.007    -0.000    -0.005
    96     0.000     0.005    -0.003    -0.038    -0.005     0.000    -0.004    -0.099     0.004     0.004    -0.000    -0.005
    97     0.002     0.021     0.001    -0.002    -0.021     0.002    -0.000     0.035    -0.001     0.000     0.000    -0.004
    98     0.003     0.028     0.002     0.038    -0.028     0.003    -0.002     0.239    -0.002     0.002     0.000    -0.008
    99     0.002     0.014    -0.004     0.051    -0.014     0.002    -0.004     0.195     0.005     0.004    -0.000    -0.011
   100     0.000     0.001    -0.001    -0.032    -0.001     0.000     0.001    -0.084     0.001    -0.001    -0.000    -0.010
   101     0.000     0.002     0.002    -0.037    -0.002     0.000     0.006    -0.142    -0.002    -0.006    -0.000    -0.007
   102     0.000     0.002     0.001    -0.039    -0.002     0.000     0.003    -0.129    -0.002    -0.002    -0.000    -0.011
   103     0.000     0.001    -0.002     0.002    -0.001     0.000    -0.011     0.017     0.004     0.011    -0.000    -0.028
   104    -0.000    -0.002    -0.007     0.042     0.001    -0.001    -0.023     0.105     0.011     0.022    -0.000    -0.014
   105    -0.000    -0.001    -0.004     0.036     0.001    -0.001    -0.016     0.132     0.007     0.016    -0.001     0.061
   106     0.000     0.000    -0.010     0.021    -0.001    -0.001    -0.017     0.031     0.013     0.015    -0.001     0.105
   107     0.000     0.002    -0.004    -0.037    -0.002    -0.000    -0.005    -0.066     0.005     0.005    -0.000    -0.001
   108     0.000     0.002     0.004    -0.016    -0.002    -0.000    -0.005     0.049    -0.003     0.005    -0.000     0.004
   109    -0.000    -0.002     0.001     0.018     0.002    -0.001    -0.011     0.077     0.001     0.011    -0.001     0.018
   110    -0.000    -0.002    -0.004     0.017     0.001    -0.001    -0.012     0.047     0.007     0.011    -0.001    -0.024
   111     0.000     0.000    -0.006     0.031    -0.001    -0.000    -0.007     0.010     0.008     0.005    -0.000    -0.023
   112     0.000     0.002     0.001    -0.026    -0.002    -0.000    -0.005     0.002     0.000     0.005    -0.000     0.021
   113    -0.000    -0.000    -0.003    -0.025    -0.000    -0.000    -0.001    -0.008     0.003     0.000    -0.000     0.009
   114    -0.000    -0.000    -0.000    -0.011     0.000    -0.000    -0.001     0.016     0.000     0.001    -0.000     0.030
   115     0.000    -0.001     0.006    -0.015     0.000    -0.000    -0.011     0.064    -0.002     0.012     0.000    -0.124
   116     0.001    -0.000     0.013     0.006    -0.001     0.000    -0.008     0.053    -0.010     0.011     0.001     0.167
   117    -0.001     0.001    -0.013    -0.009    -0.001     0.000    -0.004    -0.025     0.013    -0.000    -0.001     0.292
   118    -0.002     0.001    -0.034    -0.003    -0.002     0.000    -0.004    -0.005     0.034    -0.007    -0.002     0.028
   119    -0.001     0.002    -0.033     0.048    -0.002     0.001    -0.003     0.038     0.032    -0.009    -0.001    -0.387
   120    -0.000    -0.000    -0.009     0.060    -0.001    -0.000    -0.018     0.102     0.015     0.013    -0.001    -0.205
   121    -0.001    -0.001    -0.005    -0.015     0.001    -0.000    -0.006    -0.028     0.007     0.004    -0.000     0.199
   122    -0.000     0.001    -0.021    -0.037    -0.000     0.000     0.001    -0.025     0.019    -0.009    -0.000     0.043
   123     0.000     0.001    -0.016    -0.038    -0.001     0.000     0.018    -0.014     0.007    -0.023    -0.000    -0.140
   124     0.001     0.003    -0.007     0.010    -0.003     0.001     0.018     0.011    -0.001    -0.019    -0.000    -0.288
   125     0.002     0.005    -0.001     0.063    -0.005     0.002     0.013     0.007    -0.005    -0.013    -0.000    -0.211
   126     0.000     0.000    -0.001     0.004    -0.000     0.000    -0.003     0.009     0.003     0.002     0.000    -0.016
   127    -0.000    -0.000    -0.008    -0.004     0.000    -0.000    -0.003     0.007     0.009    -0.001    -0.000    -0.001
   128     0.000     0.001    -0.007     0.016    -0.001     0.000    -0.005     0.012     0.009     0.001    -0.000     0.001
   129     0.001     0.001    -0.001     0.017    -0.001     0.001    -0.003     0.039     0.003     0.002     0.000    -0.041
   130     0.001     0.001     0.001     0.032    -0.001     0.001    -0.003     0.030     0.000     0.003     0.000    -0.046
   131     0.001     0.001    -0.002     0.021    -0.001     0.001    -0.003     0.028     0.003     0.001     0.000    -0.040
   132     0.001     0.001    -0.005     0.028    -0.001     0.001    -0.003     0.013     0.006    -0.000    -0.000    -0.022
   133     0.000     0.001    -0.006     0.025    -0.001     0.000    -0.003     0.039     0.006    -0.001    -0.000    -0.023
   134     0.000     0.000    -0.003     0.016    -0.000     0.000     0.000     0.010     0.002    -0.002    -0.000    -0.034
   135     0.000     0.000    -0.000     0.012    -0.000     0.000     0.001    -0.010    -0.000    -0.001    -0.000    -0.033
   136     0.000     0.000     0.001     0.011    -0.000     0.000     0.001     0.011    -0.001    -0.001    -0.000    -0.032
   137    -0.000    -0.001     0.002    -0.010     0.001    -0.000    -0.001     0.026    -0.001     0.002     0.000    -0.006
   138    -0.000    -0.001    -0.000    -0.003     0.001    -0.000    -0.001     0.015     0.001     0.001     0.000    -0.013
   139     0.000     0.000     0.003    -0.013    -0.000     0.000    -0.001    -0.026    -0.002     0.003     0.000     0.013
   140     0.001     0.001     0.003    -0.011    -0.001     0.001    -0.002    -0.034    -0.001     0.003     0.000     0.000
   141     0.001     0.001     0.002    -0.010    -0.001     0.001    -0.002    -0.005    -0.000     0.003     0.000    -0.008
   142    -0.000    -0.000     0.003    -0.001     0.000    -0.000    -0.004     0.006     0.001     0.004     0.000    -0.002
   143    -0.000    -0.000     0.001     0.007     0.000    -0.000    -0.005     0.048     0.003     0.004     0.000    -0.006
   144    -0.000    -0.000     0.002     0.006     0.000    -0.000    -0.004     0.024     0.002     0.004     0.000     0.001
   145     0.000     0.000     0.004    -0.015    -0.000     0.000    -0.004    -0.001    -0.000     0.006     0.000     0.008
   146     0.001     0.001     0.003     0.001    -0.001     0.001    -0.003    -0.015     0.000     0.005     0.000    -0.006
   147     0.000     0.000     0.004    -0.011    -0.000     0.000    -0.003    -0.007    -0.000     0.005     0.000    -0.007
   148    -0.000    -0.000     0.002     0.013     0.000    -0.000    -0.003     0.002     0.001     0.004     0.000    -0.005
   149    -0.000    -0.000     0.002     0.006     0.000    -0.000    -0.004     0.010     0.002     0.004     0.000    -0.007
   150     0.000     0.000     0.003    -0.003    -0.000     0.000    -0.003    -0.019     0.001     0.004     0.000    -0.002
   151     0.000     0.000     0.001    -0.004    -0.000     0.000    -0.001     0.012     0.001     0.001     0.000    -0.006
   152     0.001     0.000     0.002    -0.012    -0.000     0.001     0.000    -0.021    -0.001     0.001    -0.000    -0.006
   153    -0.000    -0.000     0.001     0.003     0.000    -0.000     0.001     0.001    -0.001    -0.000    -0.000    -0.002
   154    -0.001    -0.000    -0.001     0.002     0.000    -0.001     0.002     0.002    -0.001    -0.002    -0.000    -0.017
   155    -0.000    -0.000    -0.000     0.002     0.000    -0.000     0.001     0.006    -0.001    -0.001    -0.000    -0.005
   156    -0.001    -0.000    -0.001     0.000     0.000    -0.001    -0.000     0.026     0.001    -0.001    -0.000    -0.015
   157    -0.000    -0.000    -0.003     0.032     0.000    -0.000    -0.001     0.046     0.003    -0.002    -0.000    -0.020
   158    -0.001    -0.000    -0.004     0.017     0.000    -0.001    -0.002     0.016     0.003    -0.002    -0.000    -0.027
   159     0.000     0.000    -0.004     0.027     0.000     0.000    -0.001    -0.004     0.003    -0.003    -0.000    -0.024
   160     0.000     0.000    -0.006     0.020    -0.000     0.000    -0.002     0.020     0.005    -0.004    -0.000    -0.018
   161    -0.000    -0.000    -0.006     0.016     0.000    -0.000    -0.004     0.008     0.006    -0.004    -0.000    -0.038
   162    -0.000     0.000    -0.007     0.009     0.000    -0.000    -0.003    -0.002     0.006    -0.005    -0.000    -0.026
   163    -0.000    -0.000    -0.007     0.009     0.000    -0.000    -0.004     0.023     0.007    -0.005    -0.000    -0.025
   164    -0.001    -0.000    -0.007     0.002     0.000    -0.001    -0.003     0.022     0.005    -0.005    -0.000    -0.032
   165    -0.000    -0.000    -0.006     0.029     0.000    -0.000    -0.002     0.040     0.004    -0.005    -0.000    -0.026
   166    -0.000    -0.000    -0.004     0.011     0.000    -0.000    -0.000     0.013     0.002    -0.004    -0.000    -0.018
   167     0.000     0.000    -0.004     0.014    -0.000     0.000     0.002     0.004    -0.001    -0.004    -0.000    -0.016
   168     0.000     0.000    -0.005     0.013    -0.000     0.000     0.001    -0.015     0.001    -0.005    -0.000    -0.015
   169    -0.000     0.000    -0.003     0.009     0.000    -0.000     0.001    -0.004    -0.000    -0.004    -0.000    -0.014
   170    -0.000    -0.000    -0.002    -0.001     0.000    -0.000    -0.000     0.021     0.001    -0.002    -0.000    -0.020
   171    -0.000    -0.000    -0.001    -0.002     0.000    -0.000     0.000     0.015     0.000    -0.001    -0.000    -0.011
   172     0.000     0.000     0.000    -0.002    -0.000     0.000    -0.000     0.010     0.000     0.000     0.000    -0.003
   173     0.000     0.000     0.000    -0.016    -0.000     0.000     0.000    -0.002    -0.000     0.000    -0.000     0.017
   174     0.000     0.000     0.001    -0.007    -0.000     0.000    -0.001    -0.003     0.001     0.001     0.000    -0.009
   175    -0.000    -0.000     0.003     0.004     0.000    -0.000     0.001     0.016    -0.002     0.002    -0.000     0.008
   176    -0.000    -0.000     0.001    -0.004     0.000    -0.000    -0.001    -0.000     0.001     0.002     0.000     0.001
   177     0.000     0.000     0.002    -0.010    -0.000     0.000    -0.001     0.013     0.001     0.002     0.000     0.016
   178     0.000     0.000     0.002    -0.018    -0.000     0.000    -0.001     0.003     0.001     0.002     0.000     0.013
   179     0.000     0.000     0.003    -0.021    -0.000     0.000    -0.001     0.004     0.000     0.003    -0.000    -0.012
   180     0.000     0.000     0.005    -0.025    -0.000     0.000     0.004    -0.032    -0.005     0.004    -0.000    -0.010
   181     0.001     0.000     0.004    -0.035    -0.000     0.001     0.001    -0.004    -0.002     0.004    -0.000    -0.002
   182     0.000     0.000     0.003    -0.010    -0.000     0.000    -0.000    -0.004    -0.000     0.003    -0.000     0.001
   183     0.000     0.000     0.003    -0.018    -0.000     0.000     0.001    -0.007    -0.002     0.003    -0.000     0.003
   184     0.000     0.000     0.005    -0.025    -0.000     0.000     0.003    -0.008    -0.004     0.005    -0.000     0.018
   185    -0.001    -0.000     0.003     0.005     0.000    -0.000     0.005    -0.013    -0.005     0.003    -0.000     0.111
   186     0.000     0.000     0.002    -0.007    -0.000     0.000     0.001     0.012    -0.001     0.001    -0.000     0.061
   187    -0.001    -0.000     0.001    -0.004     0.000    -0.001     0.007     0.002    -0.007     0.001    -0.000     0.075
   188    -0.000    -0.000     0.005    -0.017    -0.000    -0.000     0.009    -0.043    -0.009     0.004    -0.000     0.019
   189     0.000     0.000     0.005    -0.018    -0.000     0.000     0.011    -0.046    -0.012     0.004    -0.000     0.054
   190     0.001     0.000     0.002    -0.021    -0.000     0.001     0.000    -0.013    -0.001     0.002     0.000     0.027
   191    -0.000    -0.000     0.001    -0.006     0.000    -0.000    -0.002     0.007     0.002     0.001     0.000    -0.002
   192    -0.000    -0.000     0.001    -0.005     0.000    -0.000     0.000     0.021    -0.000     0.001     0.000     0.009
   193     0.000    -0.000     0.002    -0.011    -0.000     0.000     0.001    -0.009    -0.001     0.002     0.000     0.003
   194     0.000     0.000     0.000     0.000    -0.000     0.000    -0.000    -0.010     0.000     0.000     0.000    -0.001
   195     0.000    -0.000     0.001    -0.019    -0.000     0.000    -0.000    -0.009    -0.000     0.001     0.000     0.007
   196     0.000     0.000     0.000    -0.012     0.000     0.000    -0.003     0.020     0.003     0.000     0.000    -0.008
   197    -0.000    -0.000    -0.000    -0.010     0.000    -0.000    -0.002     0.017     0.002    -0.000     0.000    -0.001
   198    -0.000    -0.000    -0.002    -0.011     0.000    -0.000    -0.002     0.006     0.002    -0.002     0.000    -0.007
   199    -0.000     0.000    -0.002    -0.021     0.000    -0.000    -0.002     0.010     0.002    -0.002     0.000     0.009
   200     0.001     0.000    -0.002     0.039    -0.000     0.001    -0.003     0.026     0.003    -0.002     0.000     0.002
   201     0.001     0.000     0.000     0.034    -0.000     0.001    -0.001     0.016     0.001     0.000     0.000    -0.000
   202     0.001     0.000     0.002     0.025    -0.000     0.001     0.001     0.020    -0.001     0.002    -0.000     0.004
   203     0.000     0.000     0.003     0.021    -0.000     0.000     0.002     0.005    -0.002     0.003    -0.000     0.009
   204     0.001     0.000     0.003     0.013    -0.000     0.001     0.002    -0.007    -0.002     0.003     0.000    -0.018
   205     0.001     0.000     0.004     0.028    -0.000     0.001     0.003     0.010    -0.004     0.003    -0.000    -0.004
   206     0.001     0.000     0.003     0.024    -0.000     0.001     0.001    -0.003    -0.002     0.003    -0.000     0.003
   207     0.000     0.000     0.002     0.033    -0.000     0.000     0.000    -0.006    -0.000     0.002    -0.000    -0.006
   208     0.001     0.000     0.002     0.025    -0.000     0.001     0.001    -0.012    -0.001     0.002    -0.000    -0.002
   209     0.001     0.000     0.003     0.014    -0.000     0.001     0.001     0.001    -0.001     0.002    -0.000    -0.009
   210     0.001     0.000     0.004     0.001    -0.000     0.001     0.002    -0.008    -0.002     0.004    -0.000     0.009
   211     0.000     0.000     0.004     0.014    -0.000     0.000     0.002    -0.016    -0.002     0.004    -0.000    -0.005
   212     0.001     0.000     0.004     0.031    -0.000     0.001     0.002     0.009    -0.002     0.004    -0.000     0.020
   213     0.001     0.000     0.003     0.033    -0.000     0.001    -0.000     0.005     0.000     0.003    -0.000    -0.006
   214     0.001     0.000     0.002     0.042    -0.000     0.001     0.002     0.006    -0.002     0.002     0.000    -0.012
   215     0.001     0.000    -0.000     0.040    -0.000     0.001     0.000     0.007    -0.000    -0.000    -0.000    -0.009
   216     0.001     0.000    -0.002     0.055    -0.000     0.001    -0.003     0.038     0.003    -0.002    -0.000    -0.019
   217     0.001     0.000    -0.003     0.061    -0.000     0.001    -0.004     0.022     0.004    -0.003    -0.000    -0.019
   218     0.001     0.000    -0.003     0.054    -0.000     0.001    -0.004     0.032     0.004    -0.003    -0.000    -0.020
   219     0.001     0.000    -0.003     0.038    -0.000     0.001    -0.003     0.017     0.003    -0.002    -0.000    -0.035
   220     0.001     0.000    -0.001     0.025    -0.000     0.001    -0.002     0.012     0.002    -0.001    -0.000    -0.026
   221     0.001     0.000     0.000     0.017    -0.000     0.001    -0.001     0.028     0.001     0.000    -0.000    -0.030
   222     0.000     0.000     0.001     0.005    -0.000     0.000    -0.001     0.007     0.001     0.001     0.000    -0.023
   223     0.000     0.000     0.001     0.005    -0.000     0.000    -0.000     0.014     0.000     0.001     0.000    -0.021
   224     0.000     0.000    -0.000     0.005    -0.000     0.000    -0.000     0.013     0.000    -0.000    -0.000    -0.025
   225    -0.000     0.000    -0.001     0.009     0.000    -0.000     0.000     0.012    -0.000    -0.001    -0.000    -0.028
   226     0.000     0.000    -0.001     0.004    -0.000     0.000     0.000     0.002    -0.000    -0.001    -0.000    -0.018
   227     0.001     0.000    -0.001     0.016    -0.000     0.001    -0.001     0.020     0.001    -0.001    -0.000    -0.031
   228     0.000     0.000     0.001     0.009    -0.000     0.000     0.002     0.007    -0.002     0.001    -0.000    -0.009
   229     0.000     0.000     0.003     0.001    -0.000     0.000     0.002     0.000    -0.002     0.002    -0.000    -0.019
   230     0.001     0.000     0.003    -0.009    -0.000     0.001     0.002     0.007    -0.002     0.002    -0.000    -0.010
   231     0.001     0.000     0.003    -0.003    -0.000     0.001     0.001     0.000    -0.001     0.003    -0.000    -0.001
   232     0.000     0.000     0.003     0.002    -0.000     0.000     0.001    -0.006    -0.001     0.003     0.000    -0.005
   233     0.001     0.000     0.003    -0.016    -0.000     0.001     0.002     0.012    -0.002     0.003     0.000    -0.006
   234     0.000     0.000     0.003    -0.005     0.000     0.000     0.002     0.011    -0.003     0.003     0.000    -0.006
   235     0.000     0.000     0.003    -0.003     0.000     0.000     0.003    -0.015    -0.004     0.003     0.000     0.002
   236     0.001     0.000     0.003    -0.001    -0.000     0.001     0.001     0.003    -0.001     0.003    -0.000     0.012
   237     0.001     0.000     0.003    -0.004    -0.000     0.001     0.003    -0.006    -0.003     0.003    -0.000     0.017
   238     0.001     0.000     0.003     0.009    -0.000     0.001     0.005    -0.005    -0.005     0.003    -0.000     0.021
   239     0.000    -0.000    -0.001     0.020    -0.000     0.000    -0.001    -0.010     0.001    -0.001     0.000    -0.023
   240     0.002     0.000    -0.001     0.037    -0.000     0.002     0.001     0.007    -0.001    -0.001     0.000    -0.036
   241     0.001     0.000    -0.000     0.036    -0.000     0.001     0.002    -0.007    -0.002    -0.000    -0.000    -0.023
   242     0.001     0.000    -0.001     0.056    -0.000     0.001    -0.001    -0.015     0.001    -0.001     0.000    -0.012
   243     0.000     0.000    -0.002     0.060     0.000     0.000    -0.004     0.006     0.004    -0.002     0.000    -0.014
   244     0.001     0.000    -0.002     0.067    -0.000     0.001    -0.004     0.004     0.004    -0.002     0.000    -0.024
   245     0.002     0.000    -0.002     0.047    -0.000     0.002    -0.002     0.036     0.002    -0.002     0.000    -0.039
   246     0.001     0.000    -0.004     0.068    -0.000     0.001    -0.005     0.045     0.005    -0.004     0.000    -0.020
   247    -0.000    -0.000    -0.005     0.053     0.000    -0.000    -0.008     0.009     0.008    -0.005     0.000    -0.016
   248    -0.000    -0.000    -0.007     0.052     0.000    -0.000    -0.007    -0.003     0.008    -0.006     0.000    -0.031
   249     0.000     0.000    -0.006     0.043     0.000     0.000    -0.004     0.004     0.005    -0.006     0.000    -0.032
   250     0.000    -0.000    -0.005     0.029     0.000    -0.000    -0.004     0.029     0.005    -0.004     0.000    -0.014
   251    -0.000    -0.000    -0.004     0.029     0.000    -0.000    -0.005     0.033     0.006    -0.004     0.000    -0.014
   252    -0.000    -0.000    -0.003     0.010     0.000    -0.000    -0.002     0.013     0.002    -0.003     0.000    -0.017
   253    -0.001    -0.000    -0.003     0.025     0.000    -0.001    -0.001    -0.021     0.001    -0.003     0.000    -0.018
   254     0.000     0.000    -0.001     0.006    -0.000     0.000     0.000    -0.017    -0.000    -0.001     0.000     0.016
   255     0.000     0.000    -0.001     0.002    -0.000     0.000    -0.003     0.008     0.003     0.000     0.000     0.004
   256    -0.000    -0.000     0.000    -0.005     0.000    -0.000    -0.001     0.027     0.001     0.000     0.000    -0.012
   257    -0.000    -0.000     0.001     0.004     0.000    -0.000    -0.001     0.015     0.000     0.001    -0.000    -0.015
   258     0.000     0.000     0.001    -0.014    -0.000     0.000    -0.001     0.009     0.001     0.001    -0.000    -0.005
   259     0.000     0.000    -0.000    -0.018    -0.000     0.000    -0.003    -0.012     0.003     0.000     0.000    -0.022
   260    -0.000    -0.000    -0.001    -0.001     0.000    -0.000    -0.003    -0.006     0.003    -0.000     0.000    -0.014
   261    -0.000    -0.000    -0.000    -0.009     0.000    -0.000    -0.002     0.004     0.002     0.000     0.000    -0.012
   262    -0.000    -0.000    -0.001    -0.003     0.000    -0.000    -0.003     0.002     0.003     0.000     0.000    -0.002
   263    -0.000    -0.000    -0.001     0.002     0.000    -0.000    -0.003     0.023     0.003    -0.000     0.000    -0.006
   264     0.001     0.000    -0.001     0.018    -0.000     0.000    -0.003     0.018     0.003    -0.001     0.000    -0.015
   265     0.001     0.000    -0.000     0.009    -0.000     0.001    -0.000     0.000     0.000     0.000     0.000    -0.004
   266     0.001     0.000     0.000    -0.003    -0.000     0.001     0.000     0.008    -0.000     0.000    -0.000    -0.008
   267    -0.000    -0.000     0.001     0.003     0.000    -0.000     0.000    -0.009    -0.000     0.001    -0.000     0.001
   268     0.000     0.000     0.001    -0.009    -0.000     0.000    -0.000     0.007    -0.000     0.001    -0.000    -0.003
   269     0.000     0.000     0.002    -0.002    -0.000     0.000     0.001     0.005    -0.002     0.002    -0.000     0.003
   270     0.001     0.000     0.001    -0.002    -0.000     0.001    -0.001     0.013     0.001     0.002    -0.000    -0.001
   271     0.000     0.000     0.001     0.007    -0.000     0.000    -0.002     0.017     0.002     0.002    -0.000     0.008
   272     0.001     0.000     0.000     0.002    -0.000     0.001    -0.003     0.017     0.003     0.001    -0.000     0.006
   273     0.000     0.000     0.001     0.009    -0.000     0.000    -0.002     0.010     0.002     0.002    -0.000     0.005
   274     0.000     0.000     0.001     0.007    -0.000     0.000    -0.001     0.008     0.000     0.001    -0.000    -0.004
   275     0.000     0.000     0.002     0.010    -0.000     0.000     0.001    -0.020    -0.001     0.001    -0.000    -0.002
   276     0.000     0.000     0.001     0.010    -0.000     0.000     0.001     0.008    -0.001     0.000    -0.000     0.013
   277    -0.001    -0.000     0.001     0.000     0.000    -0.001     0.001    -0.008    -0.001     0.000    -0.000     0.005
   278     0.000     0.000     0.001    -0.002    -0.000     0.000     0.000     0.001    -0.000     0.001    -0.000     0.018
   279     0.000     0.000     0.001     0.002    -0.000     0.000     0.001     0.004    -0.002     0.001    -0.000    -0.007
   280    -0.000    -0.000     0.001     0.010     0.000    -0.000     0.002    -0.008    -0.002     0.001    -0.000    -0.003
   281     0.000     0.000     0.001    -0.004    -0.000     0.000     0.003    -0.002    -0.003     0.000    -0.000    -0.006
   282    -0.000    -0.000    -0.000    -0.006     0.000    -0.000     0.002    -0.008    -0.002    -0.001    -0.000    -0.017
   283    -0.000    -0.000    -0.000    -0.005     0.000    -0.000     0.003    -0.009    -0.003    -0.001    -0.000     0.007
   284    -0.000    -0.000    -0.000    -0.001     0.000    -0.000     0.002    -0.011    -0.002    -0.001     0.000    -0.002
   285    -0.000    -0.000     0.001    -0.009     0.000    -0.000     0.003    -0.005    -0.003     0.000    -0.000     0.005
   286    -0.000    -0.000     0.002    -0.006     0.000    -0.000     0.002    -0.001    -0.003     0.001    -0.000     0.009
   287    -0.000     0.000     0.002    -0.001     0.000    -0.000     0.003     0.001    -0.003     0.001    -0.000     0.017
   288     0.000     0.000     0.001    -0.008    -0.000     0.000     0.002    -0.009    -0.002     0.001    -0.000     0.009
   289     0.000     0.000     0.001    -0.018    -0.000     0.000    -0.000     0.011     0.000     0.001    -0.000     0.003
   290    -0.001    -0.000    -0.000     0.000     0.000    -0.001    -0.001     0.003     0.001    -0.000     0.000    -0.009
   291    -0.000    -0.000    -0.001    -0.009     0.000    -0.000     0.000    -0.012     0.000    -0.001     0.000    -0.004
   292    -0.000    -0.000    -0.000    -0.017     0.000    -0.000    -0.000    -0.001     0.000     0.000     0.000     0.004
   293    -0.001    -0.000    -0.001    -0.016     0.000    -0.001    -0.000    -0.018     0.000    -0.001     0.000     0.002
   294    -0.000    -0.000     0.000    -0.004     0.000    -0.000     0.001    -0.008    -0.001     0.000    -0.000     0.023
   295    -0.001    -0.000     0.001    -0.020     0.000    -0.001     0.002    -0.024    -0.002     0.000    -0.000    -0.000
   296    -0.000    -0.000     0.001    -0.017     0.000    -0.000     0.002    -0.005    -0.003     0.001    -0.000     0.002
   297    -0.000    -0.000    -0.000    -0.015     0.000    -0.000     0.001     0.003    -0.001    -0.000     0.000    -0.009
   298    -0.000    -0.000    -0.001    -0.011     0.000    -0.000    -0.000     0.011     0.000    -0.001     0.000    -0.006
   299    -0.000    -0.000    -0.001    -0.011     0.000    -0.000    -0.002     0.006     0.002    -0.001     0.000    -0.019
