  4325     0.210    -0.061     0.010     0.450     0.061     0.206     0.006     0.132    -0.003    -0.040    -0.001    -0.048
  4326     0.226    -0.059     0.004     0.484     0.060     0.223     0.005     0.116    -0.001    -0.036    -0.001    -0.040
  4327     0.223    -0.050     0.000     0.447     0.051     0.220     0.006     0.068     0.003    -0.033    -0.001    -0.021
  4328     0.199    -0.036    -0.003     0.310     0.037     0.197     0.005     0.085     0.004    -0.026    -0.001    -0.024
  4329     0.160    -0.020    -0.003     0.146     0.021     0.159     0.003     0.085     0.003    -0.019    -0.000    -0.023
  4330     0.104    -0.007    -0.002     0.056     0.007     0.104     0.001     0.192     0.003    -0.013    -0.000    -0.044
  4331     0.026     0.000    -0.004     0.123     0.000     0.026     0.003     0.020     0.003     0.001    -0.000    -0.003
  4332    -0.023    -0.002    -0.007    -0.015     0.001    -0.022     0.000    -0.037    -0.001     0.010    -0.000    -0.014
  4333    -0.050    -0.006    -0.006    -0.138     0.005    -0.049    -0.003    -0.084    -0.005     0.012     0.000    -0.009
  4334    -0.058    -0.009    -0.004    -0.132     0.008    -0.057    -0.004     0.004    -0.006     0.011     0.000    -0.015
  4335    -0.045    -0.008    -0.004    -0.099     0.007    -0.044    -0.003     0.012    -0.005     0.010     0.000    -0.011
  4336    -0.005    -0.001    -0.004    -0.010     0.001    -0.004    -0.001     0.002    -0.002     0.004     0.000    -0.006
  4337     0.007     0.001    -0.003     0.040    -0.002     0.008    -0.001    -0.004    -0.001     0.001     0.000    -0.003
  4338     0.001     0.000    -0.001     0.008    -0.000     0.001    -0.001    -0.002    -0.001     0.001     0.000    -0.000
  4339     0.000     0.000    -0.000    -0.002    -0.000    -0.000    -0.002     0.003    -0.002    -0.000     0.000     0.003
  4340    -0.001    -0.000    -0.000    -0.004    -0.000    -0.001    -0.004     0.006    -0.004    -0.001     0.000     0.004
  4341     0.000     0.000    -0.000    -0.001    -0.000     0.000    -0.001    -0.013    -0.001     0.000     0.000     0.014
  4342     0.000     0.000    -0.002     0.002    -0.000     0.000    -0.002    -0.000    -0.003     0.001     0.000     0.008
  4343     0.000     0.000    -0.001     0.006    -0.000     0.001     0.000     0.001     0.000     0.001    -0.000    -0.001
  4344    -0.000    -0.000    -0.001     0.016     0.000    -0.000    -0.000     0.001    -0.000     0.000     0.000     0.017
  4345    -0.001    -0.000     0.001     0.026     0.000    -0.001    -0.000    -0.010     0.000    -0.001     0.000     0.013
  4346    -0.000    -0.000     0.001     0.013    -0.000    -0.001    -0.002    -0.010    -0.001    -0.001     0.000     0.014
  4347    -0.002    -0.001    -0.000     0.051     0.001    -0.002    -0.000     0.049    -0.001     0.000     0.000    -0.002
  4348    -0.001    -0.001    -0.001     0.013     0.000    -0.001    -0.002    -0.009    -0.002     0.001     0.000     0.005
  4349     0.001     0.000    -0.000     0.047    -0.000     0.001     0.000    -0.038    -0.000     0.000    -0.000     0.008
